16517
43493
28124
6940
94248
44582
29187
6030
12597
18276
62837
61848
55682
21538
23695
74426
36907
67726
94394
10098
62819
89267
97906
37070
20383
80193
82926
44973
29626
70798
86289
35887
27172
7837
91467
9525
97819
88037
55467
3664
51125
20117
7754
92422
47854
71078
34314
89601
17177
86225
47577
52057
69698
59181
8619
28967
3632
68130
11942
56837
21891
87539
65069
57239
26374
30863
95316
54524
32397
78991
94318
94119
51005
1685
67215
8532
19793
84802
87914
47827
23940
34776
74403
64057
38270
43678
88840
15050
38471
63093
35975
31940
75008
53123
80446
76940
76804
44028
28576
3155
53395
72309
23528
16560
94105
30517
84029
31808
20638
583
76323
8155
35556
24230
46643
49529
23272
753
57188
53656
2439
92491
62452
99175
99077
61298
34723
66781
8264
55565
97665
698
38921
16643
55114
30161
90965
75951
8587
87102
97056
69635
41446
75842
72163
6325
10276
73359
53360
85360
24765
64586
79528
77776
16196
46178
56067
50453
91655
64339
73246
34964
46152
87526
98478
17024
58076
53268
42608
49855
24740
69782
8183
75357
4261
97762
63743
70667
17614
85422
52302
24508
30408
80771
34497
87661
77806
99117
87266
34962
17948
80887
27491
22436
99378
35148
6649
22463
6149
27558
27359
72345
675
38009
65568
77184
18832
82818
43191
66693
84436
69114
85171
17360
942
24925
12190
16345
47030
27470
65719
61533
49769
34309
35563
63391
34090
7235
61790
38548
50562
7200
12661
62508
64801
30027
98111
79435
51304
47348
64381
50652
72114
14893
29530
60328
36433
11210
61853
86734
31153
73817
73667
90556
84248
7003
1412
67910
73068
45664
69725
65041
17784
73012
91890
54127
6619
6447
42006
25157
83914
85539
45231
57575
94742
18811
71632
97174
20446
71892
86449
78668
58367
8621
4992
2449
95979
28797
23940
95214
4752
81545
52430
58478
32287
71626
46174
36402
2609
17531
55683
14976
43992
64838
35768
98245
51266
6048
27605
94105
55295
9008
16973
82138
16156
10014
92659
29006
78527
84856
77568
63144
27877
71263
81732
19762
64292
79645
31207
19671
67105
95477
59751
50944
57965
46355
11200
81173
82613
79450
89645
39873
22299
71017
11772
75512
14673
68584
61153
9749
10931
48592
17805
82624
21093
57508
37996
6766
2529
92802
89068
26138
28171
71708
1933
5385
30359
30283
89975
59570
53817
93061
97209
70870
67034
54468
80861
28757
75117
17157
3924
73268
49207
39578
11808
17143
37602
55313
93819
71928
51984
40126
85034
5589
28488
19153
47015
14744
47807
26301
76854
3318
61153
50662
33206
21228
9589
30656
35234
31661
43116
85587
85827
43574
42856
6454
93956
67221
24783
63089
22718
24847
56662
23093
69400
76120
51225
19533
91783
98437
8051
48987
30974
95945
64262
29303
45185
97915
79820
97283
61189
47058
27102
80534
70565
71447
76361
34836
46410
79886
68820
98659
32824
19885
47333
79797
64292
89856
70921
55646
4966
2692
73944
38226
58914
56595
43279
27838
91532
80833
77601
55120
19637
89046
61692
90256
73129
90780
35697
80234
4685
83143
64334
60293
25574
68760
14289
74099
75486
23677
29365
28656
92176
69404
52456
4625
32763
87003
80967
40463
12657
47918
58081
9663
70421
26214
96066
14391
37237
99928
99830
25951
88211
45448
9010
12747
79400
78147
5098
9797
29222
94937
36474
370
85852
29979
98679
99916
33187
43466
69842
55250
27188
25233
41936
97798
21635
9865
7346
18742
37782
68060
57227
66004
55905
60184
23227
98291
58422
12274
47359
69780
34026
2190
96171
60533
60197
24181
44828
12374
17492
33818
44301
77679
53159
62070
50624
39457
3936
27233
38976
15062
8266
66500
47354
13026
86730
55129
94685
72751
46139
80521
96453
80188
67517
90910
57265
19106
71125
43982
54246
87221
12693
39400
37754
79179
54206
31046
66639
14282
69863
79713
64101
65842
93248
25077
27183
31180
85270
26929
48034
66541
4120
50016
8299
99578
88232
44215
89329
23553
21198
2407
410
72038
33583
62034
64751
70658
10756
53200
18763
63282
18154
86079
73942
14093
25779
13475
62694
94069
12291
575
39508
70697
55698
83233
37107
33077
72438
98590
83580
1127
49569
27385
70931
87177
25793
95994
28113
1040
16218
48091
92323
15494
43060
10705
91180
38130
29850
47579
45382
67646
40308
13870
76545
47916
94656
591
58133
71548
75950
84609
78757
26155
46924
80593
96561
21168
33862
24983
51057
80801
98175
8897
64443
39644
8663
16796
8333
31363
47827
20822
33757
18123
34152
26905
62423
68586
18924
68050
15433
55745
20946
92658
12001
12324
95423
1307
5197
51134
94307
44099
34328
30504
64575
2510
64297
20807
48192
44600
51134
7077
92898
60533
19852
44882
56537
56534
65889
71828
89267
9711
94614
65478
7786
63657
94732
29963
33640
75247
883
88194
53680
6815
38328
54333
74924
94638
58365
62066
88340
14638
66911
28217
26510
9286
20723
38385
98627
35838
15781
51524
12978
45411
20591
33769
51824
4782
13530
48330
46505
28426
67813
47879
11646
96946
90244
38628
36474
99896
60686
11173
98580
55925
37965
62176
60813
31244
94956
63085
35598
98610
20665
67355
52569
53321
80340
86016
45231
30191
56013
2901
80250
45997
99338
45542
89038
25623
16176
75422
25420
56911
68112
12211
65480
59191
19949
60581
86101
43513
84169
65334
7211
88814
13460
80839
59462
57545
70652
4149
43803
26743
61715
87647
82341
16103
51971
16763
20933
53268
98267
10974
33084
28415
20560
82250
92023
55105
5250
64072
23252
72483
79515
6295
23373
95071
21064
16363
32681
40717
70886
15794
78786
44723
97966
72327
66428
98719
24385
62766
74712
36565
56832
19306
37113
26344
86271
13009
21919
17497
11361
32096
1172
35180
13191
19854
94707
10122
58992
47216
2542
81600
40726
8430
93686
13562
60772
44767
2284
19508
61421
20823
93130
431
57487
738
97668
61934
72058
97519
88925
91582
94269
97682
59235
45611
74935
95525
88115
15303
50993
6631
39347
17680
42929
68554
6087
82564
692
78151
30742
88660
83093
59670
62381
34990
43277
5421
78613
20822
58562
81780
91159
47182
86825
47237
74723
46113
53534
86364
7350
90021
73690
23814
87074
32768
91085
45833
94472
86623
73715
23301
3644
44746
38588
99911
5162
17550
91806
81876
93711
63142
60510
41421
90417
56946
62128
25321
15268
63702
3330
41878
98573
46224
26201
84981
22065
69594
22367
42273
